  -0.02525   0.00000   0.00000   0.00000   0.00000   0.00000   0.00000   0.00000
   0.01215   0.00000   0.00000   0.00000   0.00000   0.00000   0.00000   0.00000
   0.27501   0.00000   0.00000   0.00000   0.00000   0.00000   0.00000   0.00000
   0.17490   0.00000   0.00000   0.00000   0.00000   0.00000   0.00000   0.00000
   0.12947   0.00000   0.00000   0.00000   0.00000   0.00000   0.00000   0.00000
   0.08789   0.00000   0.00000   0.00000   0.00000   0.00000   0.00000   0.00000
  -0.64859   0.00000   0.00000   0.00000   0.00000   0.00000   0.00000   0.00000
   0.18950   0.00000   0.00000   0.00000   0.00000   0.00000   0.00000   0.00000
   0.02484   0.00003  -0.02663  -0.05006  -0.05397  -0.03267  -0.23377  -0.05113
   0.00000   0.00000   0.00000   0.00000   0.00000   0.00000   0.00000   0.00000
   0.00000   0.00000   0.00000   0.00000   0.00000   0.00000   0.00000   0.00000
   0.00000   0.00000   0.00000   0.00000   0.00000   0.00000   0.00000   0.00000
   0.00000   0.00000   0.00000   0.00000   0.00000   0.00000   0.00000   0.00000
   0.00000   0.00000   0.00000   0.00000   0.00000   0.00000   0.00000   0.00000
   0.00000   0.00000   0.00000   0.00000   0.00000   0.00000   0.00000   0.00000
   0.00000   0.00000   0.00000   0.00000   0.00000   0.00000   0.00000   0.00000
